6868
24016
9668
13640
14018
7488
5804
12909
3386
9567
21423
3503
6657
19192
2518
13361
21135
21080
6492
6891
7752
8614
6649
2227
12060
19122
9622
12279
16447
423
14337
22163
19839
12456
10277
23085
1805
2790
24427
17716
4972
7613
17238
13570
7946
5100
23948
21182
733
18404
3848
22714
9888
4405
22683
3352
15191
15694
19946
14354
21742
18353
17580
22488
14092
20523
3492
19349
15657
3589
8124
18665
12042
8504
18724
6253
17244
12331
20198
866
11506
12890
15978
12758
21916
9807
5035
17518
21078
20181
24661
12146
16541
9317
15820
13952
12058
8091
23589
24419
7228
22665
13338
9515
22389
6549
5689
6515
15765
14938
3609
7886
12402
2974
1915
7811
9602
14415
20139
6095
7539
11816
10600
14798
20479
3710
20925
13609
15465
9994
7298
19853
6664
23885
1427
3077
17505
24838
3541
8182
9212
1346
9526
4372
1889
24671
14378
7198
4894
2905
6662
9809
5418
3547
12724
13553
24371
11127
17604
4744
18972
1475
21161
536
16451
16427
15252
22275
18872
2885
14587
2842
13977
24634
7117
19069
10761
10840
21479
13620
21393
7303
5325
24696
3673
16674
12365
8274
959
12396
1818
14279
17917
5076
16790
1747
323
10296
12750
10012
19762
22707
3784
20798
23768
8483
24716
13836
2281
13514
21714
24101
18999
10462
24825
6815
16798
7955
4293
6244
22931
4519
15259
20014
3843
23908
22927
2851
12570
13073
5815
12591
8157
9153
6379
15443
397
6878
21803
1201
6384
8550
516
3588
2250
18161
1457
4556
7516
20975
18688
13758
3351
19137
2168
22511
5474
12136
6599
17355
3189
1056
16811
20027
13169
10772
8240
4520
5098
13365
14417
15794
24238
3634
7841
19587
23284
852
20728
18008
12431
6069
24526
6874
24185
24555
5117
19634
15666
2559
23919
2748
11988
18927
6210
9942
20537
23808
10628
17288
5923
18216
8900
18006
21113
4442
2346
2325
283
18358
24768
21299
20019
1684
6625
17008
4410
8141
8858
23986
11242
16425
9653
12034
22809
21134
12273
10228
963
21216
12536
1103
21251
12606
3277
626
19985
10981
16804
6847
6308
5934
15559
20987
19449
13978
23684
22121
3463
10752
8743
10670
11924
10422
5496
10372
2084
4084
6830
8528
2009
18518
259
13287
7907
23670
20190
22302
22502
21589
14982
9826
1940
10244
13838
23119
19407
11316
22548
3686
16510
16543
21460
8341
8010
5929
10063
2136
20853
17895
1834
11063
7090
16397
7706
99
23463
13019
13995
4157
7719
20579
5627
8158
4596
8818
23360
8757
24532
22280
24440
8993
10321
15797
3265
18242
6561
16276
15832
9489
20889
6692
19052
21957
6390
20833
346
8203
19102
9853
11973
250
718
24465
4097
22646
18638
23824
9355
10229
18183
20045
8029
23261
11753
7536
12650
1972
4564
17945
4950
13199
9889
11214
75
1147
22394
8022
24901
34
4579
2209
20041
8156
17789
5114
16069
9300
7363
24843
5053
14264
10579
11921
18948
13010
8582
15801
9188
3548
22421
1743
15737
21091
5090
13958
3706
9684
2388
13197
24628
3953
14524
5742
2516
9774
4068
15582
18379
23754
12281
17957
7515
3222
18817
18036
14499
15548
15725
21731
24595
14228
5787
6503
4973
15505
14930
20547
16488
18760
5883
17477
21838
6173
3274
22479
21513
4273
2767
2587
10948
14887
12831
1483
21841
52
15387
15778
10596
3047
5533
23479
7569
20983
18629
1456
17552
14726
8679
15879
11346
22976
24610
5478
12630
4679
18393
15168
194
22754
19184
10465
5514
8639
9886
18818
13061
14214
9313
6490
23057
3740
18231
10280
20242
3096
15256
230
24151
501
22862
5683
8883
5802
3035
9401
23480
4991
6522
6888
20707
5927
1114
17548
17475
7304
6726
15973
15983
1246
3488
15593
20061
15818
6128
428
4178
23427
10712
19529
11712
4724
2119
20400
11178
19186
280
10815
16463
8542
20709
11693
7671
21602
9962
19448
18584
4489
9197
7840
640
19987
16595
23262
13649
19073
6235
2859
6557
12463
3643
4303
16622
20371
4715
2981
7627
14649
11075
24248
7721
19906
19569
18426
9992
22527
6316
6600
24871
12218
18746
6433
17210
21516
11644
15004
20791
8082
16306
18674
8687
24752
11727
15755
15396
19042
5671
9578
2619
17463
7685
9712
2195
13421
10506
752
5199
24522
9963
16992
4397
4936
22091
2579
22284
17183
19782
5762
10210
199
9022
1052
16327
14329
8518
4384
10168
18662
6214
16078
512
1190
9331
16922
3942
13035
17975
11610
15789
8316
1202
1347
12244
12725
15005
9594
19910
22259
147
17808
14760
24607
18331
10741
2533
17810
1122
14479
21470
22815
4547
5551
21190
8337
5584
8703
3595
22981
9150
12044
23285
5045
19783
23563
14750
7348
11031
4534
14332
22184
6279
9072
3844
15546
20391
19903
4563
23300
16877
8673
24420
13194
7806
11374
10016
6275
4059
8361
13115
12377
19402
7889
21728
20311
13529
21351
5210
8965
11406
7085
21028
6760
1227
7510
18182
17538
9298
11448
12811
21604
15285
4902
10328
23807
18715
21917
1729
1336
14272
19823
21630
19189
3169
18916
19742
16027
24497
14359
3302
1288
2874
7201
5859
10990
7221
17452
19831
9109
21221
22321
23869
14510
6921
3050
23294
13002
23306
18838
312
15538
2751
22098
15939
20665
24554
6769
7353
12898
20768
23142
19794
5940
23227
19526
5102
8665
21439
20268
7763
6091
4404
8241
7882
15793
1911
23987
14615
15783
17812
15923
13340
2359
20701
3502
24003
16227
15238
14192
10657
15841
18002
2497
14045
10845
14756
7672
16242
2476
7930
2254
5749
996
12325
15220
4704
14100
19214
15550
16745
8059
17402
15250
11758
8886
23044
7484
22936
3441
9647
11341
4070
6460
18735
20240
22426
10431
4832
2004
21382
8126
23469
24655
18025
21150
21814
24252
4285
12832
17325
11679
16717
7911
17066
22089
2153
4550
19636
1113
11192
2635
13191
15060
11148
19690
550
2214
11224
10687
12599
8197
18298
520
2592
16271
24204
3142
17918
9071
16944
22990
20585
14864
23935
14447
17646
17683
20712
7592
20257
5598
17177
438
10130
20325
15419
17098
13905
22401
14985
20524
10192
6650
11505
24892
3635
12952
18397
8285
8827
8227
23382
12535
24444
23283
681
24319
16171
2898
3396
3000
13173
19358
19813
19808
2408
8896
14661
21872
3286
20735
9006
15065
23317
16003
14604
23428
11660
23585
7525
24931
6624
4978
538
22831
2508
7406
24844
6712
16882
11769
21861
24411
2300
9682
5071
24073
18081
23562
22482
11243
4705
20348
14222
8492
9767
4336
17688
20341
8454
7072
11092
2055
221
17661
4672
8299
14063
15940
11799
1108
20867
16476
18001
23628
4343
3382
22973
3732
22977
8279
2362
22930
13548
4843
3200
873
14811
18226
16778
20363
1087
4610
9421
22669
16797
21114
5070
4653
19423
1668
9961
13788
12422
5523
23097
6136
13933
9199
13525
10029
3993
21822
20826
7703
10914
10500
24050
6842
3433
10855
15643
20894
127
23909
1530
11585
19340
10113
23552
24044
9161
17045
24014
23554
12660
23467
17401
20446
964
24488
2342
7212
23758
10930
11121
8715
19323
3792
18113
11488
21967
503
7293
22252
21707
18276
16328
16796
20782
1603
5652
7581
2714
18615
22014
928
3268
5572
5721
1644
23931
23717
2111
11919
828
3971
7747
17940
18813
3806
2434
11968
17598
15260
11832
13207
5836
23234
3226
21578
24781
22499
14791
2904
10727
17906
14585
10152
8510
11854
18570
18415
15654
1921
13094
8977
2361
22747
7270
24124
6051
3799
8588
16182
9295
3922
6544
13555
19913
7395
1675
23797
10312
13552
12623
20571
19707
4229
8117
7277
15050
14717
7567
20502
9093
16325
3473
7997
12147
5354
6602
10908
13243
22968
13196
7071
12678
3690
22886
18246
24194
21010
17821
10735
21101
7223
7168
14004
20655
15843
14582
10455
10349
21158
12286
17094
3211
20991
21560
970
2435
13538
12958
9534
2266
12111
13202
22053
10734
11793
14535
1009
17122
210
9644
5437
9222
13083
13020
19714
23129
20196
10294
17977
23066
21762
2166
9755
17436
3402
12114
649
11006
217
10408
4275
4140
5621
19892
14070
4420
7850
11467
18648
10560
16361
10353
21040
18582
19886
13337
2449
16454
16703
21903
12983
12840
7932
22588
12624
2766
22643
9351
8477
7339
16040
17595
18467
22540
15044
9973
20121
2299
24159
11000
10159
5814
9272
19346
18804
13812
134
8642
8618
11117
2727
8034
19084
2641
20482
10333
16464
22228
10094
14253
17614
20517
6871
16659
7571
2501
146
5511
13485
20549
24529
13351
8132
2797
17492
12684
5324
20596
3381
4258
10606
819
23165
19373
17196
15875
8610
14204
6964
12572
13730
9561
1063
18861
8589
91
12785
943
4101
20731
24470
7449
16803
15355
447
5405
7799
5446
3070
5218
21356
9671
16865
10957
9132
1822
8862
24954
11822
16062
9356
9749
10269
8332
748
10890
1968
21540
11430
3210
23036
12959
10883
5532
1493
17877
21159
119
21276
16403
6352
167
14229
8778
13646
6206
6011
7178
17994
12777
24180
20483
24473
5998
22672
247
21475
23611
21401
18328
7307
2744
2864
9162
16899
13771
15002
8019
21579
7431
17687
10755
24988
22594
15834
16782
17167
4813
2662
4220
3298
20051
180
11480
775
3735
3181
11465
13384
469
3877
7486
11078
24877
15448
22088
6448
16411
22019
17676
3974
1512
10709
21332
7405
24457
12778
24688
4044
1192
23157
9748
14826
12490
2762
6880
8136
14368
4143
24795
10138
11044
6552
23550
10021
21072
12259
17439
20548
3704
21938
7760
7958
23597
17711
8116
4152
8079
4037
18345
2937
1297
15971
16070
5508
14529
11764
635
3486
3014
23929
23887
17093
13991
10545
19734
9165
16432
11160
6529
5548
9056
14676
3995
5259
14619
2061
9229
2907
14346
1045
10037
11651
6400
16876
9059
14449
3874
11860
22150
3739
29
18932
8843
6814
11257
15105
21745
5449
17984
7125
7136
9932
3776
11147
19471
3002
11289
4877
960
984
2561
15142
12140
8319
5359
18620
16603
9614
4202
8025
2726
3296
10999
8476
341
291
22994
12283
1710
14919
23978
21403
19704
1888
12434
3398
16297
17418
14491
6425
24974
4186
15579
24301
10963
23857
8394
4438
3662
7427
6178
9124
24063
12460
10705
13707
12821
23941
21611
24084
21986
24346
7949
10645
21001
19872
18608
8957
11385
15437
16815
11305
6133
10004
12375
20104
7442
2171
9144
23238
15933
20222
4580
5343
15616
12842
21210
21229
16856
15079
23912
16088
12014
14101
5260
12639
19406
17947
10852
5841
5792
8121
19788
17454
21334
1339
17254
21465
7495
1514
19154
5928
4982
6357
139
3778
8223
8943
20923
24499
1815
696
2583
23880
22663
17601
23602
10090
8604
367
9872
150
3108
15109
6224
10459
2141
9761
3702
16210
17997
17178
17
5351
9149
1599
20898
24385
11933
3498
3100
14370
5214
15076
19163
24405
22510
13027
6149
8413
13606
12240
4783
24443
15399
4170
12429
15809
12484
14778
17259
23997
7884
6517
3578
20842
1092
2034
3068
9693
4305
17491
16308
20599
15484
6526
20964
19022
2870
7861
7047
22703
3113
6346
2764
17394
7301
10359
12304
13867
24888
17227
9606
15249
20278
5219
21944
19431
3058
14112
13941
17837
7439
11251
14459
1808
20945
11134
18785
24749
23182
17893
8919
4282
4375
15884
7900
21123
10443
10389
24302
2595
23302
17559
14351
3876
3931
12230
19857
3639
315
24234
5678
4461
6020
24577
208
21105
2229
936
13691
5333
24020
13260
3703
1510
18492
14335
22082
12088
21669
14364
21497
8344
4246
22719
1611
10212
7639
12117
22515
6137
20654
11766
18158
8066
14151
6024
22804
9926
8517
10008
12307
11071
7285
19155
15477
3594
17225
8939
24569
1661
7924
8928
24312
21261
18607
12767
2442
1474
8525
20560
3366
993
23747
10392
22883
24904
5165
1713
14702
19329
17959
10507
3789
5094
18356
23529
24425
13626
8863
24777
11399
22374
3455
7497
20600
3581
12923
14978
12471
4189
11623
15506
18869
10907
18197
5096
17185
1765
20586
14507
9242
23925
16408
15539
20271
10231
24765
22658
14759
17170
13845
22417
1642
13988
4032
21695
10042
24620
1422
19502
3509
23767
4003
3393
8161
23655
23904
10436
17603
23183
683
2752
22174
12167
23495
13722
5107
20912
2173
23448
18215
14546
5513
21032
21000
22709
15544
16847
16094
4119
3418
24200
35
8211
4730
21258
3184
3522
2724
6427
17190
21292
14377
5384
5502
20210
20243
15415
1569
2232
18176
3752
10609
23520
13755
1383
911
2152
15467
459
12141
4884
4771
8999
8280
4160
15962
2830
22853
5501
2812
13973
21990
23572
15230
17652
10076
14242
5227
15180
12322
18682
1429
10598
13967
674
8958
2140
23934
971
20708
15926
10463
21286
15952
12793
11227
20165
3023
2145
6332
21395
16817
23811
1606
24362
3027
13357
17388
20169
16581
19842
6234
9607
9147
15910
13551
11946
7779
3532
13170
8087
23403
7175
11879
20036
14206
8170
22585
12882
2222
8144
12387
24568
4504
15311
11235
18505
3230
22336
8832
13028
4388
11553
8278
1632
7231
17891
3111
20526
11424
3964
5528
466
19263
2270
6035
19674
18923
12694
16687
6245
15741
19918
5980
15170
4296
7893
1580
19302
20556
7112
3592
8714
2740
844
22372
13922
11887
6948
2308
1398
8952
121
10697
23125
19494
5187
3616
5019
6628
5857
16799
14819
17219
10439
20495
24306
2386
2201
9246
20696
14883
11300
19556
4688
16259
20394
2604
24956
10671
3921
21178
3482
19227
11581
2420
1962
14909
20640
10329
3840
6281
2290
24983
23180
10397
23438
15652
23409
17114
10664
24053
19015
2710
18247
19487
15186
17799
4966
6906
9358
22030
19091
20068
15942
5068
17579
21646
13985
1350
22016
8238
6631
4455
9033
168
4574
4618
5512
22577
14221
5553
14660
14064
16638
24034
1411
2683
8309
19359
22393
20142
2505
6419
4824
16042
8058
24693
11768
18547
15811
21966
10493
3668
6442
22830
9801
1027
19757
17546
6179
5719
18264
655
8513
15555
24719
14771
3559
5516
19662
2528
20843
7132
9334
22175
278
17992
14803
20982
20481
1635
5099
3780
4685
19469
3585
23581
2813
9931
24754
10556
24689
1131
2265
2041
20956
2540
373
12064
17422
19433
3617
12010
22758
4844
2075
24847
18066
13014
17843
1418
19484
20722
20262
12351
1595
17710
9635
1175
3246
18494
20623
6252
24146
16756
5407
8410
21774
1503
1554
20201
1075
14672
11702
6977
22888
11208
5925
12407
8487
15278
3282
16787
24392
8769
14187
13504
2734
17742
10520
23024
21355
14493
8151
17489
13278
16302
9201
10505
4772
24226
30
2564
21279
10597
22694
21528
2174
6824
547
8819
20465
15948
8193
4036
1680
18185
4265
13445
8327
18568
18144
4245
103
13056
21433
21070
7691
11868
16987
10614
22697
8336
7290
3315
16277
24267
17112
9250
3813
12291
10421
664
16571
24268
15957
14118
15482
10513
17801
14685
10044
2208
563
4707
13123
17464
12455
6518
9898
1873
3172
16365
16401
6612
20038
17713
8139
22364
8856
9419
326
4085
8897
12065
18027
17284
22104
14814
20938
12553
688
11313
5460
20721
24417
17390
16618
8922
12403
4475
9469
17989
24846
20789
15421
21397
5217
1527
6510
4977
22138
14962
11884
19055
17240
24382
5472
3350
4418
13153
3421
21859
18967
15999
24223
18483
1433
12093
20015
22208
2772
18906
21741
6930
10378
5662
6052
18021
16470
2492
742
24144
17349
20163
23783
17281
17978
3073
20905
1393
14395
7191
16946
15903
7606
19148
20011
19852
15907
907
22650
7917
4104
18824
20854
15308
13238
21567
11393
4484
11558
16900
8936
10782
23277
2412
7247
6777
15601
24459
2425
16983
10356
15429
24683
13469
9893
9279
5215
14944
1215
9757
5339
5456
17300
18478
3426
606
23250
14077
16176
8616
3256
856
1926
7139
15049
23031
4879
21269
23248
13685
44
14384
22190
22343
24623
13246
9742
20282
22682
585
5658
22541
17869
10331
6527
200
6072
15491
4720
10714
2051
19095
6120
14874
20720
2647
21934
16286
2264
21921
22044
22244
19505
5887
2884
14733
12976
1366
6913
19700
17659
5982
5252
11568
11013
21892
11456
11892
1065
22826
13172
12493
24766
24331
4165
12794
22265
18465
24407
23196
19429
7553
2929
20340
8119
7217
14608
19514
4093
21700
5290
4955
2020
6974
2602
20473
2350
905
8293
24794
7267
9871
3064
69
22411
14740
19580
15961
10427
8233
11592
21557
2043
14639
6674
9509
17739
7649
13438
14712
3316
1812
1788
383
729
313
23826
12617
10354
18341
5900
17039
12385
2947
10182
6216
19012
23021
4469
19427
19845
21690
6700
22334
24482
23035
12315
8796
11188
1311
6775
8069
6753
351
18701
6381
5436
9468
14452
18320
12457
19751
2858
4591
7751
2534
1182
4569
10509
9739
7922
22607
15322
5863
5306
10059
9185
9798
15798
5001
20425
11611
14514
16207
19432
17840
5638
7131
24178
24304
7397
24239
18796
7474
21484
7294
17539
11320
54
13857
10133
20916
474
18512
8149
18177
24727
14613
5771
11011
12367
23232
21246
898
11307
18046
13642
19327
18784
12069
12194
13835
11388
16366
19040
6202
16400
24254
17068
18120
11123
17215
9410
12438
4125
18864
8506
5483
7591
15143
8763
21112
17291
5963
11262
23638
13684
8873
24921
2698
2095
22432
6688
14862
4393
5561
23504
7029
4400
6014
9728
19475
16651
16303
6592
8198
23233
8842
23632
5115
21157
380
980
16828
14071
4871
1880
11051
14573
8318
2707
15461
13872
24013
21514
3045
22847
5140
451
21066
8028
17562
12030
369
14238
24508
4194
19266
5705
2351
12350
9857
1318
20383
20921
16421
7821
1412
20300
17759
15236
24808
15100
2001
17610
311
18510
57
15164
8726
22398
15776
17123
1534
22810
24320
11783
10978
12545
9363
1280
23354
14545
14509
17229
8292
4043
4344
8395
17953
9946
884
17923
22760
5379
19143
8918
21296
322
12343
23141
8470
1862
17617
4048
7046
17193
2838
735
4742
6705
19473
12302
14737
8516
3362
6803
17218
19451
6717
3734
14163
12019
8425
2645
11776
20540
10987
6703
16197
24158
18363
18491
6087
15456
19241
13898
7738
8350
15333
13008
20533
8821
18899
18292
1121
18909
17495
20805
5183
22229
22712
491
15356
15763
385
7502
15264
9958
15648
9172
13363
14471
3507
409
19474
1282
18963
2554
12498
13593
1356
17080
7898
4949
2252
18694
21045
2789
21806
2085
19051
20510
16167
17120
14934
7948
6607
14929
21565
14495
23799
8941
20158
9002
16579
20831
14634
21802
22322
15949
1035
11215
15615
10911
17790
8453
14400
12503
19067
15671
2404
11701
12027
6462
18304
24890
21733
15319
24582
14066
10132
24897
1084
10352
24197
21131
21169
20769
19447
23301
18167
19631
5331
5312
19217
17919
3383
16452
1276
5732
13206
6904
6706
16681
4479
16642
4639
23614
3318
9995
12799
3470
13744
11057
20890
17767
17486
15968
1453
21108
2332
17256
17935
19462
24579
15288
668
22232
23853
3525
11458
16045
20475
5394
4834
13786
3053
16315
3745
4211
2393
12925
7467
5018
9905
9043
23598
12301
18376
13539
24763
22829
19332
21274
24390
6779
457
21655
1106
15568
11453
3197
15063
3794
18853
2334
11608
22039
18533
13510
10019
14241
5198
22135
3308
13447
15326
3707
12020
24669
10993
22416
21302
7908
20490
13657
4191
16213
16313
3860
17830
12416
24436
12193
22427
18993
18260
10272
16649
23940
16417
17339
708
10219
21605
10631
8398
18856
4306
5575
1944
22960
4206
19645
5875
8935
4235
13883
23456
5709
12169
18774
6409
10274
11518
15618
24791
13079
6388
10039
21374
15991
18441
12994
13884
16643
701
15943
9819
19026
18420
17445
8310
6504
2704
16597
21562
10373
1981
22249
9568
4546
4110
16352
22837
23847
19271
8575
5663
10904
10146
20073
14386
15412
16773
5048
19499
2374
23440
15416
14724
15009
7330
11378
12609
7655
13513
14757
12382
20308
12154
24679
14816
1224
9169
14695
638
16996
345
14261
7428
14988
2687
9880
6846
19418
1034
19639
725
13736
6145
5504
17775
23418
9570
12184
10943
2008
6952
1640
9681
24210
24070
15255
17367
10311
15888
5180
2638
3737
5763
2323
3946
4794
12097
19848
16221
5716
6790
22191
18165
1891
19062
5597
7647
23269
20897
6422
10949
5570
22965
21504
13911
18779
9620
23086
18042
22624
5160
16318
14881
18326
16962
17385
11304
8165
12702
16867
616
17054
1901
16084
408
18772
5148
18612
9237
7724
20678
1231
531
2081
15067
9838
15400
10105
15547
7369
24134
4689
19821
2862
4985
16264
10126
11099
21939
9934
21668
21264
6424
18192
1687
20387
18859
17648
175
2617
21429
3725
1441
2930
15293
17139
20812
19312
7468
20658
10543
12214
2519
3147
5593
14699
19500
6619
12564
13133
21735
24851
15277
18924
14383
1574
23273
1349
8603
3820
9085
13761
19428
15964
3223
6405
265
833
6687
23146
18256
12930
20438
17827
22013
18059
23755
12066
12238
21202
18842
24802
3694
5864
13139
7568
11037
14880
7003
2127
24220
12858
23303
11794
11728
7302
2240
18633
12310
23177
17441
16868
3601
13250
19804
13413
13476
1261
14807
22792
14149
14773
13126
21920
24986
9922
15318
22955
22652
11731
13914
3110
13405
24694
10193
20088
8393
424
14411
18499
24524
4605
23657
22866
809
14542
17462
7174
3341
16056
16429
13740
3125
9320
15767
3387
812
17884
14307
6119
10643
11327
21082
8364
8187
15377
8358
22050
12261
14884
945
9373
7877
12086
7976
19139
17255
3537
8242
10279
2608
18882
17966
8777
9585
4047
9687
20949
13820
16620
7359
21455
8377
18154
17678
16239
5816
1847
24593
20217
21956
2188
10959
18946
15382
8828
13300
2781
19925
12557
9453
5473
17395
13077
8373
17011
5174
19306
17656
10424
14401
6946
23534
19047
12989
15232
19969
19893
5871
23152
10801
12036
4984
1443
13235
11253
4252
20580
21464
8742
24702
9527
9463
23166
5464
4106
4416
10549
12290
776
16101
21705
19590
14801
13594
3233
16089
21077
19269
9704
1174
16105
13981
20617
3533
10317
14233
12986
6987
24369
7447
21240
23148
5676
1197
13678
13433
5194
21088
6438
17825
5485
3834
19463
23109
7786
554
23018
8672
11408
16134
11972
18150
12908
13826
1206
3919
13315
20322
8951
23010
13804
6498
22557
17204
20593
23762
22058
11335
8137
18063
6547
22653
23179
13181
20840
7733
14994
20496
12735
12256
21301
18470
22145
1738
1572
8887
6919
9575
24963
46
7093
15205
7646
8406
2622
14487
17629
21408
19482
22937
10254
12522
2897
20553
17384
5348
14460
744
14763
6049
3798
15107
11067
18049
3288
20628
10764
2715
2213
21052
4990
6290
4740
14028
10175
12701
2165
15119
1290
5128
13837
1584
13082
13103
19343
17788
22186
11681
17606
22790
19549
21964
20487
16228
4634
12695
15786
6545
8113
8868
3422
5262
18541
4156
10404
24866
5061
22199
15380
8657
8396
12487
22791
4424
10429
21014
24790
2238
5995
4528
13105
23591
4203
2571
1448
21866
1338
23197
16060
7578
23471
8423
17389
880
18799
4706
3711
11189
13549
20634
24397
2676
22383
9818
12967
1807
2512
10574
24567
12233
12092
17689
15542
22070
12405
21248
14684
18768
17670
22997
21662
4148
20996
13101
18968
14202
344
19044
4745
14905
3494
15115
24534
19293
15473
23868
12287
21930
1719
16394
10114
22106
12348
7628
11129
1978
10497
1704
1662
18926
23351
17097
19542
8054
11444
10952
18656
9841
4788
12094
16155
22456
7153
5654
720
12586
11807
24475
4807
14540
6084
10018
1328
11451
18094
22806
10035
6808
16341
16119
22666
9655
17110
23022
20140
3699
23381
21547
22755
21359
12170
3979
19394
11443
19445
7658
18646
3448
16415
6535
12347
10798
15556
3410
12121
9579
3165
10479
18775
18969
3847
7782
14442
13240
2074
20135
11396
18283
4510
10864
4057
6925
13427
17311
24681
6480
2221
3658
257
20497
3394
18673
2202
20292
13800
21383
12838
4667
8390
11836
14186
12526
16275
14601
20790
14802
17665
5345
10710
20412
19204
22315
484
8450
359
3733
843
10918
11369
18305
4322
17040
12381
15551
5047
2527
21525
17115
12187
24818
1923
9051
23398
5853
2450
9989
8617
19807
20398
6188
7469
4702
4226
20167
1489
738
23958
23812
16657
20437
5286
19377
15068
3566
11198
4115
20152
12221
9791
17679
6978
766
4851
803
7757
22451
17913
334
6307
3128
23967
14360
14843
13066
7974
13700
22318
16219
23067
15414
3689
6404
13775
1061
3369
20521
17583
6285
17783
14886
8288
17870
14432
20794
8180
18529
1012
3213
21107
16261
4413
1698
8460
13625
20407
3254
2923
20247
11050
13641
13681
17497
18731
16816
22041
19168
2053
7918
19771
13420
4421
15178
11432
16947
17779
7346
2545
10285
12320
5653
101
11213
23990
133
16224
21201
19929
222
1827
18616
15936
17423
18258
23023
13811
22434
19357
1943
8878
15865
11762
23859
4286
624
14790
21585
7729
13060
3901
11932
15490
24360
17941
23636
13536
7326
19286
17393
22526
22033
2012
19605
21198
17269
19806
13473
20320
13063
11509
4774
2447
15904
17954
1498
8909
13601
12626
6417
2733
8704
11666
14301
10688
24835
1598
18583
16569
18798
13874
2485
24486
9345
3328
18805
7870
23346
5564
3519
829
15571
13637
19822
23178
10977
19797
8374
10700
1450
23850
18423
19344
6892
9084
15619
20174
5034
19677
2275
478
24829
6325
20924
2245
12813
4201
23568
13734
9478
23452
23120
482
8474
7780
3429
274
23335
9020
5728
24560
17121
23361
20230
9861
21985
16191
24128
23007
20519
10624
17704
24733
12754
12912
21184
353
12138
19278
4256
13520
19200
7608
8351
19663
24793
3571
18475
19543
14331
16558
18836
17950
9618
23815
11570
8196
15469
19725
20319
1255
7513
3958
21468
2090
290
20760
23736
5610
5545
22209
16685
15642
13540
12915
21760
18703
18929
4219
20598
13963
18659
12223
20572
19763
13143
23391
12340
24137
22681
23206
17723
20122
4031
2375
22722
14776
3884
17265
4391
23651
16718
20374
11995
12783
1405
13047
20350
9362
24999
21024
17736
8018
1768
8100
6983
20994
1243
4739
23902
6258
20194
7049
2255
3769
2806
2681
6039
8465
8810
15428
8072
10194
9284
20679
11193
15080
22063
8239
24462
17802
21145
23160
5554
12769
20958
18603
6909
23274
7809
24820
9383
17900
12049
7172
8696
19310
7258
18370
10206
6491
7445
16095
24558
1077
5135
19185
3207
12738
9754
21016
2150
15021
17329
3489
24398
23457
11551
12371
24523
4345
2380
6595
15911
3529
604
4149
21808
4540
14315
875
18434
2467
8648
23241
13360
6735
21950
22438
15687
19292
24915
21674
21019
18902
575
6077
10475
17493
20550
5304
4645
6483
913
15970
1859
509
17529
14263
12893
10765
7722
7969
10611
18592
4347
9152
9189
2697
21744
23378
11409
16783
2220
16747
21663
6478
6550
902
8362
21929
513
21189
21035
2115
12988
3501
6685
251
8225
9134
13134
24672
18051
6715
8042
16791
16116
23309
19687
19861
1256
17708
2992
263
11604
16238
22513
1097
4291
8815
6689
11974
12246
22148
18382
12335
7828
17996
3821
9760
6508
2546
14438
14302
14105
22859
24701
17536
17530
4449
5284
14155
10235
9480
6646
13461
4010
14910
15716
15276
8929
23266
16912
12319
16641
23608
23171
7558
10299
14888
224
9129
3846
20631
7781
12216
12052
1504
3018
12032
4630
5862
14144
5979
3261
20385
9008
9003
14131
19506
10224
10607
4159
13462
6003
14979
22956
15425
18692
14762
9502
22881
8345
3511
22500
433
24930
11097
24175
19883
6950
1535
2878
9532
1272
21724
3652
6237
7317
12084
22010
23663
23139
13114
15056
5332
7858
22819
11579
21321
17290
10950
5391
15667
22716
23219
17466
4309
4028
15354
24342
16682
19452
245
8497
8013
7341
308
10351
14339
6865
18865
23774
18820
11418
7337
18936
23700
11420
20821
8449
21846
24188
22821
19240
2405
13326
13597
24318
13459
21703
4447
16267
22531
19455
20575
16148
15610
17765
23508
15695
2267
3929
7256
19523
19740
1166
17016
21867
16472
15144
13633
4903
12395
17999
24442
9598
7163
3353
14111
11048
14741
12980
5550
13241
18811
11522
20576
21249
6580
10885
1371
13797
8544
9061
14931
1205
9902
6267
16085
5042
18121
5657
21275
6070
4290
11056
13955
15181
8908
5915
2927
16215
1870
8692
17786
586
14032
22493
16257
3043
4821
22096
12943
18466
7458
14223
11026
5226
22528
16503
11086
24357
1187
6061
21971
13602
6672
23686
24172
13517
12917
11377
19098
4699
17192
23082
20992
21659
13148
24553
1039
2133
23305
14205
6423
3334
9209
5601
8192
7682
826
8101
17316
15815
1144
7356
6415
20675
1158
17560
14297
24400
19732
9403
1302
18115
10162
19534
11960
14276
19843
14159
18666
15035
23127
3106
14667
6045
7007
16502
21085
8731
20037
14903
20373
13000
11557
5357
7477
4205
24537
24695
15364
2893
9214
10325
24004
8008
218
14847
9720
17701
8023
17982
4472
9928
2876
16800
11315
11923
16554
3208
19274
19759
21424
14844
24636
17271
3115
6138
11943
16580
3941
11007
23258
1604
3693
19939
23727
12863
20694
962
16911
9263
5535
23724
22746
327
19673
14707
13966
23725
7661
9997
23640
24059
2349
24868
21665
12753
5038
15500
618
18210
17299
13106
16546
2457
5245
20231
22090
22062
19281
8304
7048
21782
3295
4401
2310
12035
2403
6494
878
18989
2109
18469
21171
6586
23584
410
14002
3899
8538
6562
19020
2189
17133
21411
6781
8813
20718
13573
12540
11773
13165
7888
4585
11606
22166
21425
21824
15391
11202
4417
542
13229
8583
8889
15442
11615
6186
5225
5466
8602
12715
17904
21341
16059
8251
2319
21843
14544
9376
3062
18833
1006
6756
9892
5549
12523
10872
7503
24960
2247
23515
6399
14945
22447
10498
9733
8607
22185
6725
21905
4714
3437
20221
16025
4223
1355
17534
10861
15135
15779
7656
24985
10743
14492
11287
23159
16688
15104
24967
24575
23117
3102
59
12037
24783
6536
1163
11060
2458
23658
22382
20944
6951
20744
19034
9887
16550
20477
5163
6482
20116
24129
3472
19442
5975
19970
19412
24455
16765
2146
15895
13151
7916
20879
7834
23364
610
19386
13805
643
14058
11817
12506
6161
7241
14304
19591
15644
102
6355
17409
18299
10087
7051
7070
18295
8247
16506
13466
4696
24933
14911
11628
9542
5050
16498
360
9482
2910
12295
2199
23522
4139
3505
19125
9325
19010
22001
23039
11062
11804
21067
11848
22392
1522
17549
21978
23836
2182
3496
8246
18683
20342
10134
10501
20528
8290
15172
2445
3375
2950
13938
8969
20506
2826
6887
14461
23376
13524
11881
14093
18362
22844
13086
10201
5685
1796
7306
24528
12578
13814
15031
10185
12727
6354
9397
14971
20197
22521
23493
21781
17934
24764
13144
22496
14928
13110
23337
16296
20664
4863
4751
15054
12644
14344
4505
8200
5826
17074
6062
10189
2799
2235
8654
15894
14474
20468
24393
22192
10557
3214
5505
22945
18605
22172
23918
6885
18302
12681
17608
4024
7451
12699
14015
6453
9525
15445
1748
584
10316
11775
9845
2644
2315
19003
18389
11917
9136
8670
11839
4013
21147
695
