794
319
382
779
422
327
803
136
670
810
323
344
497
227
44
404
210
428
444
174
70
462
465
309
66
598
23
30
542
67
722
328
333
797
753
244
300
76
250
713
611
585
768
72
527
567
294
640
526
139
820
680
678
96
644
332
449
316
265
120
302
86
696
39
450
192
634
568
231
362
761
314
215
456
483
137
198
110
275
168
591
479
548
656
819
578
388
857
487
306
529
259
260
533
704
650
451
867
445
63
825
718
342
65
209
755
865
78
513
710
549
298
760
514
783
584
692
457
377
49
208
785
239
717
581
630
684
866
559
426
33
31
235
381
507
723
109
77
804
82
357
495
596
196
290
679
5
54
664
606
824
97
836
834
847
490
25
84
10
218
365
405
576
118
730
296
29
673
393
286
211
774
81
767
